0.19 0.86 -0.06 0.86 0.36 1.15 -0.18 1.15 0.951482334638 0.948387205349 0 0 
0.18 0.86 -0.06 0.86 0.37 1.15 -0.14 1.15 0.930990699636 0.980163229623 1 0 
0.15 0.88 -0.06 0.88 0.35 1.17 -0.09 1.17 0.906904834481 0.999387382288 2 0 
0.1 0.9 -0.04 0.9 0.3 1.2 -0.05 1.2 0.888217643156 0.99993845978 3 0 
0.07 0.9 -0.02 0.9 0.25 1.2 0.0 1.2 0.894806828616 0.996061046979 4 0 
0.03 0.9 -0.09 0.9 0.16 1.2 0.02 1.2 0.93029252087 0.899962233433 5 0 
0.07 0.91 -0.1 0.91 0.12 1.21 0.08 1.21 0.996097312975 0.796162194123 6 0 
-0.11 0.91 0.1 0.91 0.14 1.21 0.02 1.21 0.685843830053 0.932308055391 7 0 
-0.12 0.91 0.15 0.91 -0.06 1.21 0.21 1.21 0.946525017989 0.99942105544 8 0 
-0.13 0.9 0.17 0.9 -0.17 1.2 0.24 1.2 0.99994058762 0.999095199965 9 0 
-0.13 0.9 0.22 0.9 -0.38 1.2 0.29 1.2 0.851851634764 0.999944758102 10 0 
-0.12 0.9 0.24 0.9 -0.39 1.2 0.34 1.2 0.825186763715 0.998131033565 11 0 
-0.13 0.89 0.26 0.89 -0.39 1.19 0.4 1.19 0.842413784301 0.988409329487 12 0 
-0.13 0.89 0.25 0.89 -0.24 1.19 0.45 1.19 0.978774396684 0.951056113966 13 0 
-0.15 0.9 0.21 0.9 -0.2 1.2 0.48 1.2 1.0 0.875859069396 14 0 
-0.14 0.89 0.13 0.89 -0.16 1.19 0.45 1.19 0.996001418891 0.782202369244 15 0 
-0.1 0.88 0.09 0.88 -0.09 1.17 0.43 1.17 0.989123927812 0.722987883273 16 0 
-0.07 0.89 0.05 0.89 -0.05 1.19 0.37 1.19 0.989497485137 0.723785071554 17 0 
-0.04 0.9 0.02 0.9 0.01 1.2 0.3 1.2 0.978121732608 0.746033712909 18 0 
-0.06 0.91 0.04 0.91 0.05 1.21 0.23 1.21 0.914193225555 0.867500189557 19 0 
-0.1 0.92 0.08 0.92 0.1 1.23 0.13 1.23 0.776794474742 0.997323919878 20 0 
-0.11 0.92 0.11 0.92 0.18 1.23 0.0 1.23 0.644002638557 0.896061710641 21 0 
0.15 0.92 -0.1 0.92 0.24 1.23 -0.08 1.23 0.99269644021 0.985124824251 22 0 
0.16 0.9 -0.11 0.9 0.26 1.2 -0.18 1.2 0.989388407439 0.994215316512 23 0 
0.2 0.89 -0.07 0.89 0.32 1.19 -0.22 1.19 0.987313280122 0.926739268223 24 0 
0.22 0.9 -0.09 0.9 0.37 1.2 -0.27 1.2 0.975037935076 0.904431592512 25 0 
0.22 0.9 -0.12 0.9 0.41 1.2 -0.23 1.2 0.947706180906 0.976138374688 26 0 
0.21 0.91 -0.12 0.91 0.44 1.21 -0.2 1.21 0.910094668057 0.991627782195 27 0 
0.18 0.9 -0.12 0.9 0.45 1.2 -0.14 1.2 0.860054653874 0.997823887242 28 0 
0.12 0.91 -0.1 0.91 0.41 1.21 -0.09 1.21 0.803682062153 0.989825386618 29 0 
0.09 0.91 -0.08 0.91 0.35 1.21 -0.04 1.21 0.816478985047 0.975845442096 30 0 
0.06 0.92 -0.02 0.92 0.29 1.23 0.02 1.23 0.84017274933 0.988762269153 31 0 
0.0 0.8 -0.08 0.8 0.11 1.07 -0.02 1.07 0.92609235977 0.949757042163 32 0 
0.02 0.82 -0.1 0.82 0.07 1.09 0.02 1.09 0.987429547101 0.857926428298 33 0 
0.14 0.93 -0.05 0.93 0.21 1.24 0.07 1.24 0.997360973832 0.911842919694 34 0 
-0.09 0.93 0.15 0.93 -0.05 1.24 0.24 1.24 0.974839376936 0.99248891247 35 0 
-0.17 0.8 0.13 0.8 -0.35 1.07 0.2 1.07 0.929176652456 0.995717329273 36 0 
-0.08 0.91 0.24 0.91 -0.31 1.21 0.36 1.21 0.843840300035 0.99248891247 37 0 
-0.06 0.9 0.26 0.9 -0.31 1.2 0.41 1.2 0.80910422355 0.983408393944 38 0 
-0.18 0.78 0.21 0.78 -0.41 1.04 0.36 1.04 0.8788016924 0.966317033686 39 0 
-0.08 0.9 0.26 0.9 -0.17 1.2 0.49 1.2 0.979506278772 0.931292766278 40 0 
-0.11 0.9 0.19 0.9 -0.15 1.2 0.5 1.2 0.999940240718 0.828857438562 41 0 
-0.09 0.9 0.13 0.9 -0.09 1.2 0.49 1.2 0.99503719021 0.743434153976 42 0 
-0.08 0.89 0.08 0.89 -0.05 1.19 0.44 1.19 0.982133303654 0.706389998382 43 0 
-0.03 0.9 0.04 0.9 0.0 1.2 0.38 1.2 0.991169902504 0.694262411001 44 0 
-0.03 0.9 0.05 0.9 0.05 1.2 0.33 1.2 0.957114601869 0.767777908079 45 0 
-0.07 0.91 0.08 0.91 0.09 1.21 0.26 1.21 0.843661487732 0.899255047919 46 0 
-0.08 0.92 0.12 0.92 0.12 1.23 0.18 1.23 0.790173384332 0.99811058189 47 0 
0.15 0.92 -0.1 0.92 0.03 1.23 0.21 1.23 0.862323886286 0.626556911825 48 0 
0.18 0.92 -0.11 0.92 0.26 1.22 -0.05 1.22 0.997730092033 0.950362994463 49 0 
0.2 0.9 -0.11 0.9 0.3 1.2 -0.15 1.2 0.994691793827 0.999940240718 50 0 
0.0 0.76 -0.08 0.76 0.19 1.01 -0.09 1.01 0.796162194123 0.997894847495 0 1 
-0.01 0.76 -0.06 0.76 0.16 1.02 -0.06 1.02 0.829697144755 0.996898148653 1 1 
-0.01 0.78 -0.09 0.78 0.1 1.04 -0.01 1.04 0.91589659874 0.915770079888 2 1 
0.02 0.78 -0.1 0.78 0.06 1.04 0.03 1.04 0.991944570362 0.830296320178 3 1 
-0.12 0.8 0.07 0.8 0.09 1.06 0.02 1.06 0.676126502438 0.96180740165 4 1 
-0.14 0.8 0.08 0.8 -0.08 1.07 0.11 1.07 0.924179451638 0.999939626287 5 1 
-0.14 0.81 0.11 0.81 -0.15 1.08 0.16 1.08 0.991018251743 0.998841779426 6 1 
-0.14 0.8 0.13 0.8 -0.32 1.07 0.19 1.07 0.915214293977 0.998342900021 7 1 
-0.12 0.81 0.14 0.81 -0.35 1.08 0.23 1.08 0.84805633012 0.988680944673 8 1 
-0.13 0.8 0.17 0.8 -0.32 1.06 0.28 1.06 0.891573956933 0.981842351751 9 1 
-0.13 0.8 0.17 0.8 -0.23 1.06 0.31 1.06 0.978840166261 0.959786398717 10 1 
-0.12 0.8 0.15 0.8 -0.18 1.06 0.34 1.06 0.996966636407 0.90229557095 11 1 
-0.1 0.79 0.1 0.79 -0.15 1.05 0.38 1.05 0.997947857021 0.767088632937 12 1 
-0.08 0.79 0.07 0.79 -0.1 1.05 0.35 1.05 0.999708405497 0.742473174929 13 1 
-0.06 0.79 0.04 0.79 -0.07 1.05 0.29 1.05 0.99930214978 0.754960054153 14 1 
-0.02 0.8 0.0 0.8 -0.02 1.06 0.24 1.06 0.999687646408 0.734803444627 15 1 
-0.07 0.81 0.02 0.81 0.02 1.08 0.17 1.08 0.91793361307 0.885878457024 16 1 
-0.09 0.82 0.06 0.82 0.04 1.09 0.08 1.09 0.848293613493 0.999999596374 17 1 
0.09 0.82 -0.1 0.82 -0.04 1.09 0.13 1.09 0.848293613493 0.677145252863 18 1 
0.11 0.81 -0.11 0.81 0.16 1.08 -0.13 1.08 0.998841779426 0.998137777111 19 1 
0.13 0.8 -0.1 0.8 0.2 1.07 -0.2 1.07 0.995717329273 0.973586393125 20 1 
0.16 0.8 -0.09 0.8 0.25 1.06 -0.35 1.06 0.990786741964 0.781724994471 21 1 
0.16 0.8 -0.1 0.8 0.28 1.06 -0.25 1.06 0.972511496915 0.921479736051 22 1 
0.15 0.8 -0.1 0.8 0.32 1.06 -0.19 1.06 0.923485938295 0.97826184645 23 1 
0.13 0.8 -0.09 0.8 0.37 1.07 -0.16 1.07 0.844293760274 0.989985089242 24 1 
0.08 0.8 -0.09 0.8 0.36 1.07 -0.13 1.07 0.762317892289 0.999385832904 25 1 
0.03 0.81 -0.07 0.81 0.3 1.08 -0.09 1.08 0.732793491626 0.99992476699 26 1 
-0.01 0.81 -0.04 0.81 0.23 1.08 -0.04 1.08 0.739150968989 0.99878289929 27 1 
0.0 0.82 -0.09 0.82 0.14 1.09 -0.02 1.09 0.887754531449 0.934838407938 28 1 
0.03 0.82 -0.11 0.82 0.09 1.1 0.03 1.1 0.984809254666 0.827027027027 29 1 
-0.13 0.82 0.06 0.82 0.09 1.1 -0.02 1.1 0.679880040171 0.938912309357 30 1 
-0.14 0.82 0.09 0.82 -0.1 1.1 0.13 1.1 0.952028561285 0.999469366929 31 1 
-0.14 0.82 0.1 0.82 -0.29 1.09 0.17 1.09 0.943420656244 0.991258197804 32 1 
-0.13 0.82 0.12 0.82 -0.34 1.09 0.21 1.09 0.875747114732 0.984474706865 33 1 
-0.13 0.81 0.13 0.81 -0.35 1.08 0.25 1.08 0.865538088114 0.966624135182 34 1 
-0.13 0.8 0.13 0.8 -0.34 1.07 0.29 1.07 0.877605925981 0.930923410411 35 1 
-0.13 0.8 0.12 0.8 -0.21 1.07 0.32 1.07 0.991950950539 0.882963244564 36 1 
-0.11 0.8 0.1 0.8 -0.16 1.06 0.37 1.06 0.998577486182 0.777630026941 37 1 
-0.09 0.78 0.06 0.78 -0.12 1.04 0.38 1.04 1.0 0.688260431919 38 1 
-0.05 0.78 0.03 0.78 -0.07 1.04 0.33 1.04 0.999918631683 0.683490149911 39 1 
-0.03 0.8 0.0 0.8 -0.02 1.07 0.26 1.07 0.997225968322 0.720320213491 40 1 
-0.07 0.8 0.02 0.8 0.01 1.07 0.17 1.07 0.930385542918 0.886021510928 41 1 
-0.12 0.82 0.05 0.82 0.05 1.09 0.1 1.09 0.760163521854 0.992541573365 42 1 
0.09 0.82 -0.13 0.82 -0.01 1.09 0.12 1.09 0.894258717276 0.618327392373 43 1 
0.11 0.81 -0.14 0.81 0.16 1.08 -0.11 1.08 0.998841779426 0.960554821198 44 1 
0.13 0.8 -0.14 0.8 0.2 1.07 -0.19 1.07 0.995717329273 0.999951339794 45 1 
0.16 0.8 -0.11 0.8 0.25 1.06 -0.36 1.06 0.990786741964 0.808528183558 46 1 
0.18 0.78 -0.09 0.78 0.3 1.04 -0.35 1.04 0.978936845368 0.78349767909 47 1 
0.16 0.79 -0.12 0.79 0.32 1.05 -0.22 1.05 0.938744899444 0.976670855594 48 1 
0.14 0.79 -0.12 0.79 0.36 1.05 -0.18 1.05 0.864388826 0.997109404801 49 1 
0.1 0.79 -0.11 0.79 0.38 1.05 -0.16 1.05 0.767088632937 0.998667089922 50 1 
0.05 0.79 -0.11 0.79 0.33 1.05 -0.12 1.05 0.725379036142 0.995013307824 51 1 
0.0 0.8 -0.08 0.8 0.28 1.06 -0.08 1.06 0.680451099367 0.99503719021 52 1 
-0.03 0.8 -0.05 0.8 0.2 1.07 -0.03 1.07 0.73640813334 0.990717664636 53 1 
0.0 0.81 -0.08 0.81 0.14 1.08 0.02 1.08 0.887754531449 0.899071702892 54 1 
0.03 0.82 -0.1 0.82 0.09 1.09 0.05 1.09 0.983465581513 0.808939414815 55 1 
0.05 0.81 -0.12 0.81 0.11 1.08 -0.04 1.08 0.987697858968 0.906813648442 56 1 
-0.1 0.8 0.08 0.8 -0.12 1.07 0.16 1.07 0.998729384814 0.982307625383 57 1 
-0.09 0.8 0.09 0.8 -0.28 1.07 0.2 1.07 0.87701700416 0.962466799455 58 1 
0.12 0.8 -0.08 0.8 -0.28 1.06 0.25 1.06 0.414583685995 0.537641538812 59 1 
-0.01 0.72 -0.06 0.72 0.12 0.96 -0.08 0.96 0.872592764755 1.0 0 2 
-0.05 0.73 -0.09 0.73 0.08 0.97 -0.06 0.97 0.844690797521 0.969644489756 1 2 
0.0 0.73 -0.1 0.73 0.07 0.97 -0.01 0.97 0.96 0.88001163432 2 2 
0.02 0.73 -0.11 0.73 0.04 0.97 -0.03 0.97 0.998446325329 0.890974108706 3 2 
-0.16 0.63 0.01 0.63 -0.16 0.84 0.03 0.84 0.969230769231 0.99687480412 4 2 
-0.17 0.73 0.03 0.73 -0.22 0.97 0.05 0.97 0.999726151619 0.999115253112 5 2 
-0.18 0.73 0.05 0.73 -0.28 0.97 0.09 0.97 0.988312484298 0.995322176937 6 2 
-0.17 0.73 0.05 0.73 -0.36 0.97 0.13 0.97 0.904393512122 0.968074621179 7 2 
-0.16 0.72 0.08 0.72 -0.31 0.96 0.16 0.96 0.942777884126 0.977802414077 8 2 
-0.13 0.73 0.1 0.73 -0.23 0.97 0.24 0.97 0.976211463867 0.924171477958 9 2 
-0.15 0.74 0.07 0.74 -0.22 0.98 0.23 0.98 0.996490737821 0.880590884747 10 2 
-0.15 0.74 0.05 0.74 -0.19 0.98 0.21 0.98 0.999392999522 0.867551941954 11 2 
-0.12 0.74 0.01 0.74 -0.16 0.99 0.24 0.99 0.999997779268 0.745012402208 12 2 
-0.1 0.74 -0.01 0.74 -0.12 0.99 0.2 0.99 0.998515707931 0.756943968314 13 2 
-0.08 0.75 -0.05 0.75 -0.08 1.0 0.15 1.0 0.994359200552 0.737585211853 14 2 
-0.12 0.76 -0.04 0.76 -0.05 1.02 0.07 1.02 0.913253353051 0.899215293892 15 2 
-0.14 0.76 -0.02 0.76 -0.05 1.02 0.0 1.02 0.870089422636 0.994691793827 16 2 
-0.15 0.76 0.0 0.76 -0.13 1.02 0.04 1.02 0.963333284887 0.988371697651 17 2 
-0.17 0.76 0.02 0.76 0.07 1.01 -0.2 1.01 0.552817670846 0.733074781493 18 2 
0.04 0.75 -0.17 0.75 0.1 1.0 -0.27 1.0 0.983436187839 0.987605839059 19 2 
0.06 0.74 -0.17 0.74 0.14 0.99 -0.28 0.99 0.973939528804 0.982249823506 20 2 
0.07 0.75 -0.16 0.75 0.17 1.0 -0.26 1.0 0.958972021621 0.985529935617 21 2 
0.07 0.75 -0.16 0.75 0.19 1.0 -0.22 1.0 0.937835353695 0.999678391724 22 2 
0.03 0.76 -0.15 0.76 0.19 1.01 -0.2 1.01 0.862877841779 0.999996795401 23 2 
-0.02 0.76 -0.12 0.76 0.21 1.02 -0.15 1.02 0.731307228796 0.999129627144 24 2 
-0.05 0.77 -0.1 0.77 0.13 1.03 -0.12 1.03 0.783580234914 0.998628722312 25 2 
-0.05 0.77 -0.1 0.77 0.11 1.03 -0.08 1.03 0.815907662926 0.978873455798 26 2 
-0.02 0.78 -0.13 0.78 0.01 1.04 -0.04 1.04 0.990144418399 0.878351875508 27 2 
0.0 0.78 -0.15 0.78 0.01 1.04 -0.08 1.04 0.999261174631 0.899145587295 28 2 
0.03 0.77 -0.16 0.77 -0.15 1.03 0.06 1.03 0.799408673341 0.616006220325 29 2 
0.04 0.77 -0.17 0.77 -0.23 1.03 0.09 1.03 0.655338802272 0.538035452922 30 2 
0.03 0.77 -0.17 0.77 -0.36 1.03 0.12 1.03 0.521886700258 0.491327520248 31 2 
-0.16 0.76 0.05 0.76 -0.38 1.02 0.17 1.02 0.880082357305 0.933510946106 32 2 
-0.18 0.76 0.05 0.76 -0.28 1.01 0.21 1.01 0.98907543148 0.875842072343 33 2 
-0.17 0.77 0.05 0.77 -0.23 1.03 0.23 1.03 0.999954823863 0.857348248661 34 2 
-0.18 0.76 0.01 0.76 -0.22 1.02 0.23 1.02 0.996809085095 0.771818715718 35 2 
-0.16 0.76 -0.02 0.76 -0.18 1.02 0.23 1.02 0.991467735038 0.702350207877 36 2 
-0.12 0.77 -0.05 0.77 -0.14 1.03 0.18 1.03 0.996972878774 0.704488586672 37 2 
-0.12 0.78 -0.08 0.78 -0.1 1.04 0.14 1.04 0.973798180823 0.693497753101 38 2 
-0.15 0.78 -0.06 0.78 -0.07 1.04 0.04 1.04 0.883043802391 0.903063984632 39 2 
-0.16 0.78 -0.03 0.78 -0.07 1.04 -0.01 1.04 0.859979957449 0.993370150447 40 2 
-0.01 0.78 -0.18 0.78 0.03 1.04 -0.14 1.04 0.986341189645 0.928869176823 41 2 
0.02 0.78 -0.2 0.78 0.06 1.04 -0.22 1.04 0.991944570362 0.984860172357 42 2 
0.03 0.76 -0.21 0.76 0.08 1.01 -0.29 1.01 0.987553012954 0.999195546733 43 2 
0.05 0.74 -0.2 0.74 0.12 0.99 -0.32 0.99 0.978950164725 0.983200798643 44 2 
0.12 0.72 -0.17 0.72 0.21 0.96 -0.27 0.96 0.981313749677 0.986756818481 45 2 
0.12 0.72 -0.17 0.72 0.22 0.96 -0.23 0.96 0.973747847886 0.999914012704 46 2 
0.08 0.73 -0.19 0.73 0.2 0.97 -0.21 0.97 0.93782219879 0.985332711673 47 2 
0.03 0.76 -0.16 0.76 0.21 1.01 -0.17 1.01 0.833949536276 0.986001718123 48 2 
0.01 0.76 -0.13 0.76 0.21 1.02 -0.13 1.02 0.800577200072 0.985683899742 49 2 
-0.03 0.77 -0.1 0.77 0.17 1.03 -0.1 1.03 0.768286130725 0.991672073525 50 2 
-0.03 0.66 -0.07 0.66 0.1 0.88 -0.05 0.88 0.836938309014 0.980789976245 51 2 
-0.03 0.78 -0.11 0.78 -0.01 1.04 -0.03 1.04 0.993370150447 0.905346813042 52 2 
0.05 0.76 -0.08 0.76 0.07 1.01 -0.06 1.01 0.999900099948 0.982990118649 53 2 
0.02 0.65 -0.15 0.65 -0.21 0.87 0.06 0.87 0.668671056107 0.549571237784 54 2 
-0.16 0.65 0.05 0.65 -0.3 0.87 0.11 0.87 0.947531325939 0.982102279235 55 2 
-0.11 0.76 0.1 0.76 -0.29 1.01 0.18 1.01 0.886863566232 0.984044380842 56 2 
-0.14 0.75 0.07 0.75 -0.32 1.0 0.19 1.0 0.90497292058 0.937835353695 57 2 
-0.16 0.76 0.05 0.76 -0.27 1.01 0.2 1.01 0.978649703835 0.889418593782 58 2 
-0.16 0.76 0.02 0.76 -0.23 1.01 0.22 1.01 0.997854825103 0.797032219878 59 2 
-0.15 0.76 -0.02 0.76 -0.19 1.01 0.26 1.01 0.999344538178 0.646162129218 60 2 
-0.12 0.74 -0.05 0.74 -0.15 0.99 0.22 0.99 0.9991458795 0.628396807125 61 2 
-0.11 0.75 -0.07 0.75 -0.11 1.0 0.17 1.0 0.989414914284 0.653909055587 62 2 
-0.15 0.77 -0.05 0.77 -0.08 1.03 0.11 1.03 0.898089423024 0.815907662926 63 2 
-0.17 0.78 -0.02 0.78 -0.05 1.04 0.04 1.04 0.797895376595 0.968307306896 64 2 
-0.2 0.78 0.0 0.78 -0.1 1.04 0.01 1.04 0.814936608698 0.999261174631 65 2 
0.03 0.77 -0.19 0.77 0.06 1.03 -0.16 1.03 0.997118303062 0.937020294532 66 2 
0.02 0.77 -0.21 0.77 0.08 1.03 -0.26 1.03 0.979901212905 0.997093328577 67 2 
0.05 0.75 -0.2 0.75 0.13 1.0 -0.31 1.0 0.970588057858 0.988180063904 68 2 
0.14 0.73 -0.13 0.73 0.19 0.97 -0.24 0.97 0.999873355379 0.968033657441 0 3 
0.15 0.73 -0.13 0.73 0.22 0.97 -0.36 0.97 0.996710325427 0.832112706106 1 3 
0.14 0.73 -0.14 0.73 0.25 0.97 -0.27 0.97 0.971270875243 0.953261805002 2 3 
0.14 0.73 -0.13 0.73 0.28 0.97 -0.23 0.97 0.943222519882 0.976211463867 3 3 
0.12 0.74 -0.12 0.74 0.34 0.99 -0.19 0.99 0.846780897282 0.993707033292 4 3 
0.09 0.76 -0.1 0.76 0.35 1.01 -0.15 1.01 0.773068815488 0.997785157857 5 3 
0.06 0.77 -0.07 0.77 0.31 1.03 -0.1 1.03 0.772499833889 0.999706789609 6 3 
0.01 0.78 -0.06 0.78 0.25 1.04 -0.07 1.04 0.743438248073 0.99926552226 7 3 
-0.01 0.78 -0.06 0.78 0.17 1.04 -0.04 1.04 0.814827665766 0.988235294118 8 3 
0.03 0.79 -0.08 0.79 0.13 1.05 0.03 1.05 0.946295653545 0.877024664851 9 3 
0.05 0.8 -0.11 0.8 0.08 1.06 0.0 1.06 0.998624405342 0.859306654888 10 3 
-0.13 0.79 0.07 0.79 -0.1 1.05 0.12 1.05 0.961613938968 0.994841991638 11 3 
-0.13 0.79 0.09 0.79 -0.18 1.05 0.15 1.05 0.999638405185 0.993581196666 12 3 
-0.1 0.78 0.13 0.78 -0.25 1.04 0.21 1.04 0.922700464997 0.991122022459 13 3 
-0.09 0.78 0.14 0.78 -0.27 1.04 0.26 1.04 0.882018256262 0.967710799461 14 3 
-0.1 0.78 0.15 0.78 -0.23 1.04 0.3 1.04 0.94403554212 0.944971112671 15 3 
-0.1 0.78 0.15 0.78 -0.2 1.04 0.35 1.04 0.971417722681 0.893504155399 16 3 
-0.1 0.78 0.1 0.78 -0.16 1.04 0.36 1.04 0.995074866603 0.791285001392 17 3 
-0.07 0.79 0.05 0.79 -0.11 1.05 0.32 1.05 0.997935231093 0.737755412185 18 3 
-0.05 0.8 0.01 0.8 -0.07 1.06 0.25 1.06 0.999896996297 0.743223883814 19 3 
-0.05 0.8 0.01 0.8 -0.02 1.07 0.18 1.07 0.985059694769 0.852826381502 20 3 
-0.09 0.8 0.04 0.8 0.03 1.07 0.12 1.07 0.862678995285 0.971788551766 21 3 
0.08 0.81 -0.1 0.81 0.06 1.08 0.09 1.08 0.985178430507 0.741131204393 22 3 
0.1 0.81 -0.13 0.81 0.13 1.08 -0.05 1.08 0.999925848859 0.901664859272 23 3 
0.13 0.8 -0.13 0.8 0.17 1.07 -0.13 1.07 0.999901811827 0.987052734624 24 3 
0.16 0.8 -0.12 0.8 0.23 1.06 -0.3 1.06 0.997849145799 0.897532613433 25 3 
0.16 0.8 -0.12 0.8 0.27 1.06 -0.35 1.06 0.97949737844 0.838996438606 26 3 
0.17 0.8 -0.12 0.8 0.31 1.06 -0.35 1.06 0.959786398717 0.838996438606 27 3 
0.16 0.8 -0.12 0.8 0.37 1.06 -0.22 1.06 0.886061133138 0.976270518981 28 3 
0.13 0.8 -0.11 0.8 0.42 1.06 -0.17 1.06 0.77832814494 0.99593872815 29 3 
0.07 0.78 -0.11 0.78 0.39 1.04 -0.14 1.04 0.697440949856 0.999681863556 30 3 
0.04 0.78 -0.07 0.78 0.33 1.04 -0.09 1.04 0.704801911276 0.999918950111 31 3 
0.0 0.79 -0.04 0.79 0.26 1.05 -0.04 1.05 0.707106781187 0.998720613581 32 3 
0.01 0.8 -0.07 0.8 0.19 1.06 0.02 1.06 0.829242534337 0.912875959224 33 3 
0.07 0.8 -0.1 0.8 0.12 1.06 0.06 1.06 0.994729904396 0.780075421094 34 3 
-0.13 0.82 0.09 0.82 0.13 1.09 -0.03 1.09 0.602823997626 0.8640466291 35 3 
-0.14 0.81 0.12 0.81 -0.13 1.08 0.17 1.08 0.978411022734 0.999350901079 36 3 
-0.12 0.8 0.15 0.8 -0.21 1.07 0.23 1.07 0.985096770841 0.99473021997 37 3 
-0.11 0.8 0.17 0.8 -0.36 1.06 0.27 1.06 0.808528183558 0.987577210463 38 3 
-0.09 0.78 0.19 0.78 -0.25 1.04 0.33 1.04 0.906119182037 0.967662052527 39 3 
-0.1 0.79 0.18 0.79 -0.18 1.05 0.35 1.05 0.985143913814 0.937628891784 40 3 
-0.09 0.78 0.13 0.78 -0.15 1.04 0.4 1.04 0.993743241215 0.802623859072 41 3 
-0.1 0.8 0.07 0.8 -0.13 1.06 0.37 1.06 0.999955080406 0.718308800476 42 3 
-0.05 0.8 0.06 0.8 -0.05 1.06 0.35 1.06 0.998052578483 0.721361738956 43 3 
-0.01 0.81 0.03 0.81 0.01 1.08 0.28 1.08 0.996279836843 0.758403945391 44 3 
-0.04 0.82 0.04 0.82 0.04 1.09 0.19 1.09 0.943817888306 0.896780848016 45 3 
-0.09 0.82 0.05 0.82 0.07 1.09 0.11 1.09 0.799536262016 0.987580306335 46 3 
-0.12 0.82 0.07 0.82 -0.01 1.1 0.12 1.1 0.867996199409 0.995812273981 47 3 
0.09 0.82 -0.13 0.82 0.16 1.09 -0.11 1.09 0.989598816771 0.973399661976 48 3 
0.11 0.8 -0.13 0.8 0.21 1.07 -0.29 1.07 0.976318439515 0.930923410411 49 3 
0.12 0.8 -0.12 0.8 0.25 1.07 -0.32 1.07 0.955385710597 0.882963244564 50 3 
0.12 0.8 -0.12 0.8 0.3 1.07 -0.32 1.07 0.905129261834 0.882963244564 51 3 
0.13 0.79 -0.13 0.79 0.33 1.05 -0.28 1.05 0.881106092427 0.935832331277 52 3 
0.09 0.79 -0.13 0.79 0.36 1.05 -0.18 1.05 0.770718151444 0.999638405185 53 3 
0.07 0.79 -0.1 0.79 0.37 1.05 -0.12 1.05 0.719073018537 0.998792837062 54 3 
0.02 0.78 -0.08 0.78 0.33 1.04 -0.08 1.04 0.662040601406 0.994781438611 55 3 
-0.02 0.78 -0.06 0.78 0.26 1.04 -0.04 1.04 0.661444121134 0.988235294118 56 3 
-0.01 0.78 -0.08 0.78 0.18 1.04 0.01 1.04 0.799761083126 0.906679885879 57 3 
0.04 0.8 -0.11 0.8 0.11 1.06 0.06 1.06 0.977393453012 0.754622686104 58 3 
-0.02 1.08 -0.13 1.08 0.24 1.44 -0.15 1.44 0.799699699771 0.997933755168 0 4 
0.01 1.09 -0.18 1.09 0.19 1.45 -0.1 1.45 0.898492256671 0.927798046519 1 4 
0.05 1.1 -0.22 1.1 0.11 1.46 -0.04 1.46 0.992841471634 0.789352217376 2 4 
-0.23 1.09 0.1 1.09 0.13 1.45 -0.11 1.45 0.545880477365 0.814133182476 3 4 
-0.23 1.09 0.13 1.09 -0.21 1.45 0.19 1.45 0.965495464181 0.998921701916 4 4 
-0.24 1.08 0.15 1.08 -0.31 1.44 0.24 1.44 0.999645684005 0.994283881188 5 4 
-0.23 1.08 0.17 1.08 -0.42 1.44 0.3 1.44 0.962209345499 0.981926247545 6 4 
-0.21 1.06 0.22 1.06 -0.59 1.41 0.37 1.41 0.807502694878 0.980016884565 7 4 
-0.28 1.0 0.22 1.0 -0.6 1.33 0.39 1.33 0.879013998564 0.966609450821 8 4 
-0.24 1.01 0.24 1.01 -0.44 1.35 0.49 1.35 0.955800126287 0.920778124027 9 4 
-0.22 1.02 0.23 1.02 -0.31 1.36 0.61 1.36 0.998926546602 0.814391947987 10 4 
-0.24 1.02 0.13 1.02 -0.28 1.36 0.54 1.36 0.993511090483 0.730532879725 11 4 
-0.19 1.03 0.08 1.03 -0.21 1.37 0.5 1.37 0.992363891793 0.687496180894 12 4 
-0.16 1.04 0.03 1.04 -0.14 1.39 0.43 1.39 0.978087140179 0.679930724429 13 4 
-0.11 1.07 -0.02 1.07 -0.07 1.43 0.32 1.43 0.977379763349 0.714054342171 14 4 
-0.16 1.08 0.02 1.08 -0.01 1.44 0.22 1.44 0.856746018677 0.882999270804 15 4 
-0.2 1.09 0.1 1.09 -0.02 1.45 0.14 1.45 0.799030435998 0.999816257261 16 4 
0.13 1.08 -0.23 1.08 0.19 1.44 -0.14 1.44 0.998971653948 0.898345838707 17 4 
0.2 1.1 -0.2 1.1 0.28 1.47 -0.24 1.47 0.999452746279 0.997397335089 18 4 
0.23 1.08 -0.17 1.08 0.35 1.44 -0.33 1.44 0.993743241215 0.965848506096 19 4 
0.21 1.06 -0.18 1.06 0.37 1.42 -0.42 1.42 0.975317117095 0.913172173043 20 4 
0.2 1.06 -0.2 1.06 0.44 1.42 -0.43 1.42 0.920469694115 0.927906903557 21 4 
0.2 1.06 -0.21 1.06 0.48 1.42 -0.37 1.42 0.889495570143 0.975317117095 22 4 
0.15 0.99 -0.3 0.99 0.51 1.32 -0.38 1.32 0.778529072471 0.998410018354 23 4 
0.13 1.08 -0.2 1.08 0.52 1.44 -0.25 1.44 0.761233730318 0.998982951242 24 4 
0.08 1.08 -0.16 1.08 0.46 1.44 -0.18 1.44 0.739492909026 0.99580949552 25 4 
0.02 1.1 -0.13 1.1 0.36 1.47 -0.13 1.47 0.748506088952 0.993088841064 26 4 
0.03 1.12 -0.11 1.12 0.27 1.49 -0.06 1.49 0.853231803342 0.973157483338 27 4 
0.07 1.12 -0.16 1.12 0.17 1.49 0.01 1.49 0.979758481416 0.840500741093 28 4 
0.11 1.12 -0.2 1.12 0.15 1.5 -0.01 1.5 0.999975663409 0.801882827613 29 4 
-0.2 1.11 0.14 1.11 -0.11 1.48 0.22 1.48 0.914358010156 0.996176526706 30 4 
-0.17 1.1 0.21 1.1 -0.19 1.47 0.31 1.47 0.995070742271 0.997164450364 31 4 
-0.29 0.94 0.13 0.94 -0.49 1.26 0.28 1.26 0.966556107037 0.955067047405 32 4 
-0.27 0.94 0.15 0.94 -0.57 1.25 0.34 1.25 0.882661123301 0.924294667122 33 4 
-0.27 0.93 0.16 0.93 -0.59 1.24 0.36 1.24 0.868457006588 0.920048907912 34 4 
-0.27 0.93 0.16 0.93 -0.45 1.24 0.44 1.24 0.970497303266 0.845006316093 35 4 
-0.24 1.0 0.15 1.0 -0.37 1.33 0.51 1.33 0.990254215841 0.777598428706 36 4 
0.11 0.87 -0.11 0.87 0.14 1.16 0.0 1.16 0.999742642627 0.883125239857 0 5 
0.14 0.87 -0.12 0.87 -0.08 1.16 0.18 1.16 0.690549891539 0.590262874153 1 5 
0.17 0.86 -0.11 0.86 -0.16 1.15 0.22 1.15 0.501916258106 0.55947736409 2 5 
0.17 0.84 -0.13 0.84 -0.38 1.12 0.24 1.12 0.267897378499 0.474387073915 3 5 
0.19 0.82 -0.12 0.82 -0.39 1.1 0.28 1.1 0.220249547911 0.448794551078 4 5 
0.23 0.82 -0.12 0.82 -0.37 1.1 0.34 1.1 0.162443134934 0.390780008858 5 5 
0.24 0.84 -0.11 0.84 -0.22 1.12 0.39 1.12 0.265275050296 0.371177582883 6 5 
0.25 0.84 -0.09 0.84 -0.14 1.12 0.45 1.12 0.327257488288 0.363122307068 7 5 
0.21 0.85 -0.1 0.85 -0.12 1.13 0.46 1.13 0.445206797336 0.339644463778 8 5 
0.14 0.85 -0.11 0.85 -0.1 1.13 0.44 1.13 0.64339876284 0.335557854599 9 5 
0.12 0.86 -0.07 0.86 -0.03 1.14 0.42 1.14 0.80776295209 0.424065543841 10 5 
0.07 0.86 -0.05 0.86 -0.02 1.14 0.35 1.14 0.924064832143 0.524946117138 11 5 
0.08 0.87 0.0 0.87 0.06 1.16 0.32 1.16 0.987139086122 0.671519424739 12 5 
0.09 0.88 0.01 0.88 0.11 1.17 0.25 1.17 0.999453505889 0.77758920449 13 5 
0.12 0.89 -0.03 0.89 0.13 1.19 0.15 1.19 0.994933816375 0.83967348061 14 5 
0.15 0.89 -0.04 0.89 0.04 1.19 0.2 1.19 0.868605662608 0.752033476824 15 5 
0.18 0.89 -0.05 0.89 0.25 1.19 -0.03 1.19 0.99955968352 0.992483147308 16 5 
-0.04 0.88 0.21 0.88 0.29 1.17 -0.1 1.17 0.625325085051 0.494988810609 17 5 
-0.02 0.86 0.21 0.86 0.33 1.15 -0.15 1.15 0.619942766534 0.424690540466 18 5 
0.22 0.88 -0.05 0.88 0.36 1.17 -0.2 1.17 0.979105552428 0.912848927648 19 5 
0.21 0.88 -0.07 0.88 0.39 1.18 -0.18 1.18 0.953496678804 0.963217643915 20 5 
0.18 0.9 -0.09 0.9 0.41 1.2 -0.15 1.2 0.897518304826 0.99522852512 21 5 
0.13 0.9 -0.08 0.9 0.38 1.2 -0.12 1.2 0.851851634764 0.999036740621 22 5 
0.11 0.9 -0.06 0.9 0.36 1.2 -0.06 1.2 0.840213633305 0.997785157857 23 5 
0.06 0.9 -0.04 0.9 0.29 1.2 -0.02 1.2 0.832320912733 0.993847663701 24 5 
0.03 0.9 -0.05 0.9 0.23 1.2 0.03 1.2 0.850068171894 0.950454726791 25 5 
0.05 0.92 -0.08 0.92 0.17 1.22 0.07 1.22 0.947263039389 0.852322728649 26 5 
0.08 0.92 -0.09 0.92 0.13 1.22 0.08 1.22 0.996927484072 0.817888440746 27 5 
-0.12 0.91 0.1 0.91 0.16 1.21 -0.01 1.21 0.635576963366 0.895654474629 28 5 
-0.11 0.92 0.14 0.92 -0.09 1.22 0.22 1.22 0.982831526097 0.994001346285 29 5 
-0.11 0.9 0.18 0.9 -0.19 1.2 0.27 1.2 0.990357348402 0.995579502714 30 5 
-0.09 0.9 0.21 0.9 -0.36 1.2 0.31 1.2 0.806169797472 0.995723204351 31 5 
-0.1 0.9 0.22 0.9 -0.37 1.2 0.35 1.2 0.812622758236 0.985725737694 32 5 
-0.12 0.9 0.21 0.9 -0.36 1.2 0.39 1.2 0.8565809721 0.951970620858 33 5 
-0.12 0.9 0.22 0.9 -0.2 1.2 0.43 1.2 0.991812685174 0.931971479624 34 5 
-0.12 0.9 0.19 0.9 -0.16 1.2 0.47 1.2 1.0 0.856228069307 35 5 
-0.12 0.9 0.11 0.9 -0.12 1.2 0.45 1.2 0.991227900683 0.747704481885 36 5 
-0.08 0.89 0.07 0.89 -0.06 1.19 0.42 1.19 0.987823248391 0.70832069572 37 5 
-0.04 0.89 0.04 0.89 -0.01 1.19 0.37 1.19 0.989566181535 0.705216636839 38 5 
-0.04 0.9 0.03 0.9 0.03 1.2 0.29 1.2 0.962791679472 0.777088504756 39 5 
-0.06 0.9 0.07 0.9 0.08 1.2 0.22 1.2 0.876046164668 0.926412583507 40 5 
-0.09 0.91 0.11 0.91 0.1 1.21 0.15 1.21 0.788057054324 0.999924895494 41 5 
0.14 0.91 -0.12 0.91 0.02 1.21 0.19 1.21 0.861207462695 0.595505338891 42 5 
0.18 0.9 -0.11 0.9 0.24 1.2 -0.06 1.2 1.0 0.959163151341 43 5 
0.14 0.79 -0.19 0.79 0.2 1.05 -0.23 1.05 0.998679073046 0.996526371742 44 5 
0.16 0.78 -0.18 0.78 0.24 1.04 -0.45 1.04 0.995378527236 0.837849200715 45 5 
0.24 0.89 -0.05 0.89 0.38 1.19 -0.21 1.19 0.985033249105 0.907359721054 46 5 
0.23 0.89 -0.09 0.89 0.41 1.19 -0.19 1.19 0.958948548221 0.975685404983 47 5 
0.24 0.9 -0.09 0.9 0.45 1.2 -0.17 1.2 0.939330332887 0.987078091367 48 5 
0.16 0.9 -0.11 0.9 0.43 1.2 -0.14 1.2 0.848910676436 0.999759100284 49 5 
0.12 0.9 -0.1 0.9 0.39 1.2 -0.1 1.2 0.825186763715 0.993883734674 50 5 
0.09 0.9 -0.06 0.9 0.36 1.2 -0.04 1.2 0.806169797472 0.991150442478 51 5 
0.05 0.91 -0.05 0.91 0.28 1.21 -0.01 1.21 0.825791090517 0.9824842356 52 5 
0.05 0.91 -0.03 0.91 0.23 1.21 0.05 1.21 0.884427903525 0.957220542028 53 5 
0.08 0.92 -0.04 0.92 0.17 1.22 0.1 1.22 0.979118258868 0.886958875809 54 5 
0.11 0.92 -0.06 0.92 0.17 1.22 0.07 1.22 0.99692866457 0.88973455557 55 5 
0.13 0.91 -0.08 0.91 -0.02 1.21 0.2 1.21 0.822192191644 0.668492982423 56 5 
0.17 0.9 -0.07 0.9 -0.19 1.2 0.26 1.2 0.486473546611 0.613269744577 57 5 
0.2 0.9 -0.05 0.9 -0.25 1.2 0.31 1.2 0.360994102558 0.596585492352 58 5 
0.2 0.89 -0.06 0.89 -0.26 1.19 0.33 1.19 0.349328982649 0.555015625639 59 5 
-0.07 0.89 0.2 0.89 -0.29 1.19 0.38 1.19 0.850290812747 0.949432641296 60 5 
-0.07 0.89 0.2 0.89 -0.2 1.19 0.41 1.19 0.945906899693 0.925031090023 61 5 
-0.08 0.89 0.15 0.89 -0.12 1.19 0.42 1.19 0.999079729567 0.844135908632 62 5 
-0.08 0.89 0.09 0.89 -0.08 1.19 0.41 1.19 0.995984423484 0.753869828556 63 5 
-0.04 0.86 0.04 0.86 -0.04 1.15 0.37 1.15 0.998920086078 0.6943019131 64 5 
-0.03 0.86 0.01 0.86 0.0 1.15 0.33 1.15 0.990499815055 0.680089576784 65 5 
